Vianin 250502  1  9  8  9  8  2  9  8  9  8 
Oleg 250503  1  3  4  2  4  2  4  2  5  3 
Vadim 250502  1  5  3  5  6  2  3  5  4  6 
Mira 250503  1  7  8  4  5  2  9  4  2  5 
Lena 250504  1 10  9 10  9  2  3  5  6  4 
Petr 250501  1  2  5  3  4  2  3  4  5  6 
Jimmi 250503  1  5  3  4  6  2  5  3  4  6 
George 250504  1  5  3  6  7  2  4  6  5  7 
funni 250501  1  3  6  4  7  2  4  5  6  7 
fiora 250502  1  3  4  3  5  2  6  4  3  5 
kimli 250504  1  6  8  7  8  2  8  7  7  6 
afasg -858993460-858993460-858993460-858993460-858993460-858993460-858993460-858993460-858993460-858993460-858993460 
fasgfasf -858993460-858993460-858993460-858993460-858993460-858993460-858993460-858993460-858993460-858993460-858993460 
gag 250502  1  5  3  4  2  2  6  3  5  7 
fasf fafa 250502  1 54  3  5  6  2  2  4  3  5 
